$ 1 8.802816901408451e-9 382.76258214399064 50 5 50 5e-11
v 448 736 448 608 0 2 1180000 5 0 0 0.5
l 448 608 560 608 0 0.0000049999999999999996 0.08035039455296164 0
r 560 608 656 608 0 25
c 656 608 752 608 4 5e-9 -2.5546620127067206 0.001 0
c 560 608 560 736 4 1e-9 4.067353363063622 0.001 0
l 752 608 752 736 0 0.000009999999999999999 -0.03345506615430562 0
r 800 608 800 736 0 100
w 752 608 800 608 0
w 800 736 752 736 0
w 752 736 560 736 0
w 800 608 896 608 0
368 896 608 944 544 0 0
g 528 736 528 768 0 0
w 448 736 528 736 0
w 528 736 560 736 0
o 0 8 0 5120 5 0.1 0 2 0 3
o 11 8 0 5120 10 12.8 1 2 11 3
