$ 1 0.000001240079365079365 0.27182818284590454 62 5 43 5e-11
R 224 496 192 496 0 1 80000 5 0 0 0.5
r 480 576 480 496 0 2200
l 288 528 352 528 0 0.001 -0.00108643685957718 0
c 288 464 352 464 4 1e-8 -0.3938030721952206 0.001 0
w 288 464 288 496 0
w 352 496 480 496 0
w 480 496 560 496 0
w 480 576 560 576 0
w 352 528 352 496 0
w 288 496 288 528 0
w 288 496 224 496 0
w 480 576 224 576 0
g 224 576 208 576 0 0
p 560 496 560 576 3 0 0 10000000
w 352 464 352 496 0
o 0 1 0 4099 5 0.00625 0 2 0 3
o 13 1 0 4099 10 0.1 1 1
38 0 F1 3 30000 80000 -1 Frequency
