$ 1 0.000001240079365079365 0.27182818284590454 62 5 43 5e-11
R 224 496 192 496 0 1 80000 5 0 0 0.5
r 304 496 384 496 0 2200
l 416 496 416 576 0 0.001 0.000594781870613036 0
c 480 496 480 576 4 1e-8 -0.6148381085339772 0.001 0
w 384 496 416 496 0
w 416 496 480 496 0
w 480 496 560 496 0
w 480 576 560 576 0
w 416 576 480 576 0
w 416 576 304 576 0
w 304 496 224 496 0
w 304 576 224 576 0
g 224 576 208 576 0 0
p 560 496 560 576 3 0 0 10000000
o 0 1 0 4099 5 0.003125 0 2 0 3
o 13 1 0 4099 5 0.1 1 1
38 0 F1 3 30000 80000 -1 Frequency
