$ 1 0.000005 10.20027730826997 59 5 43 5e-11
g 208 160 192 160 0 0
r 256 176 304 176 0 2000
r 256 320 304 320 0 2000
S 256 176 208 176 0 1 false 0 2
S 256 224 208 224 0 1 false 0 2
r 256 224 304 224 0 2000
g 208 208 192 208 0 0
S 256 272 208 272 0 1 false 0 2
r 256 272 304 272 0 2000
g 208 256 192 256 0 0
R 144 128 144 96 0 0 40 10 0 0 0.5
w 208 192 144 192 0
w 208 240 144 240 0
w 208 288 144 288 0
w 144 128 144 192 0
w 144 192 144 240 0
w 144 240 144 288 0
w 304 176 320 176 0
w 304 224 320 224 0
w 304 272 320 272 0
w 304 320 320 320 0
w 320 272 320 320 0
g 208 320 192 320 0 0
w 256 320 208 320 0
r 320 176 320 224 0 1000
r 320 224 320 272 0 1000
r 256 128 304 128 0 2000
w 304 128 320 128 0
w 320 128 320 176 0
w 256 128 208 128 0
g 208 128 192 128 0 0
o 2 64 0 4099 10 0.003125 0 2 2 3
